(0,0)
(1,0)
(2,2)
(2,2)
(2,2)
(3,3)
(4,3)
(4,4) test binary operators 1
(5,4)
(-3,-4)
(1,-32) test binary operators 2
(3,-32)
(-1,-32)
(2,-64) test binary operators 3
(8,-28)
(2,-28)
(-2046,-128) test binary operators 4
(10,-28)
(0,-28)
(-4092,-256) test comparison operators
1 0
0 0 1 1
0 1
0 1 0 1     test prefix operators
(0,-3) (-2,-6) (-2,-6)
(0,-3) (2,-6) (2,-6)
(211,-20) end sample test1
(1,2) (3,4) (5,6) (7,8)
(19,-278) test2
0 1
0 0 1 1
1 0
0 1 0 1    test3
(4,6) (-4,-4) (-9,22) (3,0) (6,0)
(6,4) (10,8) (10,8)    test4
(-2,4) (-6,8) (-6,8)   test1
(3,6) (6,5) (4,4) (5,6)
(-47,-294)     test2
0 1
0 0 1 1
1 0
0 1 0 1      test3
(9,11) (-1,2) (-21,48) (6,0) (4,0)
(3,-2) (4,-4) (4,-4)
(1,-2) (0,-4) (0,-4)