(0,0) c0
(1,0) c1
(2,2) c2
(2,2) c3
(2,2) c3
(3,3) c3
(4,3) c3
(4,4) c3
(5,4) c4
(-3,-4) c5
(1,-32) c6
(3,-32) c7
(-1,-32) c8
(2,-64) c9
(8,-28) c7
(2,-28) c8
(-2046,-128) c9
(10,-28) c7
(0,-28) c8
(-4092,-256) c9
1 0 
0 0 1 1
0 1
0 1 0 1
(0,-3) (-2,-6) (-2,-6)
(0,-3) (2,-6) (2,-6)
(211,-20)
(1,2) (3,4) (5,6) (7,8)
(19,-278)
0 1
0 0 1 1
1 0
0 1 0 1
(4,6) (-4,-4) (-9,22) (3,0) (6,0)
(6,4) (10,8) (10,8) 
(-2,4) (-6,8) (-6,8)
(3,6) (6,5) (4,4) (5,6) 
(-47,-294)
0 1
0 0 1 1
1 0
0 1 0 1
(9,11) (-1,2) (-21,48) (6,0) (4,0)
(3,-2) (4,-4) (4,-4)
(1,-2) (0,-4) (0,-4)
